0 0.011409 0.208429 0.033773 0.208256 0.048377 0.215175 0.076673 0.210385 0.12505 0.20932 0.193508 0.207724 0.21724 0.206659 0.228193 0.189627 0.253751 0.188563 0.253751 0.19974 0.298477 0.200804 0.328599 0.202401 0.321296 0.219433 0.307605 0.229013 0.258315 0.226884 0.219978 0.230077 0.222717 0.243915 0.232758 0.256157 0.160648 0.256157 0.115922 0.255092 0.074847 0.252431 0.031947 0.25456 0.012779 0.25456 0.023732 0.24019 0.020081 0.232206 0.00639 0.225287
0 0.445855 0.317157 0.445545 0.324164 0.441524 0.332281 0.442142 0.338234 0.452351 0.337152 0.452351 0.333724 0.456682 0.330838 0.451733 0.327411 0.454826 0.322541 0.45328 0.316949
0 0.208605 0.433849 0.202318 0.426322 0.212606 0.420656 0.240038 0.421323 0.267471 0.421323 0.27433 0.430987 0.274902 0.437985 0.247469 0.438652 0.222321 0.438652
0 0.327985 0.481193 0.331583 0.475106 0.339035 0.472558 0.34546 0.473308 0.342633 0.476305 0.345974 0.4808 0.347516 0.484397 0.340577 0.485895 0.331068 0.484696
0 0.401923 0.540357 0.398926 0.535982 0.393715 0.528081 0.402574 0.52565 0.410391 0.526258 0.420293 0.532335 0.421335 0.526562 0.431236 0.525042 0.433842 0.531727 0.447913 0.535374 0.447913 0.54054 0.42394 0.540843
0 0.407786 0.590129 0.402053 0.585209 0.404137 0.5767 0.419772 0.573965 0.424983 0.579435 0.433321 0.575181 0.442701 0.574877 0.443743 0.582777 0.453123 0.589159 0.446349 0.594021 0.42394 0.591894
0 0.312679 0.710572 0.307728 0.704743 0.308771 0.698058 0.322841 0.697146 0.333264 0.704439 0.340038 0.711732 0.343165 0.717202 0.328052 0.716898
0 0.206131 0.298532 0.197474 0.299654 0.194829 0.29727 0.192425 0.293905 0.197715 0.292363 0.199157 0.289419 0.205409 0.288017 0.209978 0.29026 0.211662 0.293485 0.211421 0.29671
0 0.31602 0.300916 0.311932 0.297411 0.313855 0.292784 0.31602 0.289839 0.32155 0.287175 0.323714 0.289419 0.330927 0.289839 0.335977 0.292784 0.336699 0.297551 0.336699 0.300215 0.326359 0.301757 0.319145 0.302178 0.3165 0.301056
0 0.136157 0.526361 0.131009 0.528067 0.124925 0.52643 0.12434 0.520699 0.128435 0.518106 0.138146 0.516265 0.146804 0.51722 0.147037 0.52029 0.143645 0.522677
