0 0.183551 0.091347 0.126812 0.094595 0.121186 0.110832 0.108055 0.133024 0.118372 0.145473 0.201843 0.147638 0.72236 0.143849 0.729863 0.120034 0.871482 0.11408 0.858352 0.090265 0.833029 0.08377
0 0.151528 0.154395 0.098617 0.152404 0.083664 0.139792 0.037655 0.145766 0.020401 0.167672 0.06181 0.170327 0.126222 0.171655 0.188335 0.172982 0.182584 0.15174
0 0.058359 0.17431 0.025002 0.173646 0.023852 0.19356 0.131974 0.198871 0.174533 0.196216 0.180284 0.17962 0.165331 0.172982
0 0.379178 0.258513 0.341427 0.265821 0.340283 0.2754 0.346578 0.278703 0.378057 0.273748 0.411826 0.274078 0.425563 0.282006 0.446167 0.27573 0.481654 0.272427 0.483943 0.257233 0.467344 0.248645
0 0.510451 0.247158 0.495145 0.26209 0.495145 0.280405 0.509427 0.280863 0.515773 0.268958 0.521327 0.252474
0 0.289046 0.33852 0.280746 0.343503 0.278697 0.348495 0.28416 0.351647 0.290534 0.351647 0.299638 0.346918 0.300321 0.343109 0.298045 0.339562
0 0.056447 0.586712 0.044036 0.593453 0.042576 0.603986 0.047686 0.610727 0.069588 0.612412 0.0966 0.610727 0.10244 0.587554
0 0.508498 0.613125 0.499995 0.615977 0.497914 0.621581 0.506588 0.62123 0.502858 0.624282 0.502511 0.627535 0.49774 0.631438 0.499735 0.632939 0.503466 0.632688 0.505461 0.629336 0.507977 0.631637 0.514744 0.630987 0.514831 0.632788 0.518648 0.633839 0.525501 0.632688 0.53704 0.628736 0.533396 0.624483 0.530012 0.626084 0.528364 0.624082 0.524547 0.621681 0.519862 0.619529 0.515698 0.618979 0.519949 0.616577 0.519949 0.614226 0.517 0.614175 0.513269 0.615776 0.511794 0.612574
0 0.858267 0.630787 0.846684 0.635923 0.847247 0.638033 0.84978 0.638845 0.844713 0.64193 0.848279 0.642633 0.841054 0.64837 0.839646 0.650968 0.840772 0.653511 0.8449 0.654052 0.849217 0.65665 0.851563 0.656434 0.853252 0.655135 0.84978 0.653565 0.847904 0.652483 0.852689 0.650048 0.855973 0.647342 0.860665 0.644636 0.86104 0.643283 0.857756 0.642038 0.86273 0.639224 0.863105 0.6376 0.860289 0.637654 0.86348 0.634786 0.864513 0.631647 0.861791 0.631269
0 0.070272 0.366714 0.066126 0.368927 0.062326 0.372722 0.062893 0.375372 0.064141 0.379264 0.069132 0.380605 0.074124 0.37982 0.080646 0.37753 0.084106 0.378545 0.090004 0.378283 0.095563 0.377923 0.097434 0.376942 0.096924 0.375993 0.086034 0.376026 0.088416 0.373801 0.087679 0.372951 0.084446 0.373605 0.085297 0.37089 0.08507 0.367913 0.080873 0.365689 0.075541 0.365427
