0 0.244756 0.304948 0.232831 0.304948 0.225166 0.302609 0.2175 0.306352 0.223463 0.312435 0.245608 0.313371 0.274568 0.313838 0.292454 0.311031 0.296713 0.319921 0.319711 0.316646 0.317155 0.310563 0.3146 0.304013 0.312045 0.299801 0.281382 0.301205
0 0.479433 0.296328 0.473627 0.295066 0.467557 0.295417 0.469793 0.302614 0.472349 0.309459 0.478101 0.310512 0.487686 0.308932 0.489283 0.308055 0.489603 0.304193 0.485769 0.301912
0 0.503839 0.295817 0.503839 0.301784 0.507673 0.304944 0.51598 0.306348 0.526205 0.307576 0.540902 0.30705 0.559753 0.306874 0.601289 0.305646 0.615986 0.306523 0.623974 0.305997 0.624932 0.301433 0.619181 0.299854 0.615028 0.298274 0.60672 0.298801 0.601928 0.299678 0.584355 0.299854 0.577645 0.301082 0.570616 0.301433 0.564865 0.300205 0.558155 0.300205 0.546333 0.300029 0.539304 0.299327 0.532914 0.299502 0.525885 0.30038 0.516939 0.299152
0 0.653713 0.289188 0.647847 0.295779 0.644003 0.303435 0.644963 0.310564 0.648809 0.311356 0.652173 0.30766 0.656017 0.302379 0.660342 0.295779 0.660823 0.290763
0 0.680152 0.29391 0.675721 0.29842 0.676682 0.302379 0.688216 0.30502 0.698789 0.30502 0.71561 0.306076 0.747808 0.304227 0.771837 0.304227 0.787697 0.303435 0.795866 0.300796 0.788177 0.296043 0.775682 0.296307 0.75742 0.297099 0.747808 0.297099 0.736274 0.297099 0.720415 0.296835 0.705997 0.296571 0.697827 0.296043
0 0.269846 0.320844 0.264582 0.322531 0.25866 0.324218 0.253177 0.325302 0.246596 0.325302 0.241772 0.324459 0.234753 0.325664 0.231902 0.324459 0.232779 0.321567 0.229928 0.320001 0.217864 0.325061 0.214355 0.327953 0.213697 0.332532 0.215013 0.336508 0.218961 0.336869 0.223567 0.337833 0.22905 0.336387 0.240455 0.334459 0.246596 0.334339 0.261292 0.331809 0.266995 0.331447 0.270065 0.330363 0.272697 0.32976 0.274671 0.332652 0.275768 0.33699 0.275548 0.341207 0.280374 0.341688 0.282786 0.340363 0.282128 0.336869 0.282348 0.33458 0.282786 0.330965 0.28169 0.329158 0.28169 0.325784 0.281471 0.322893 0.278619 0.321567
0 0.091854 0.347004 0.088703 0.350061 0.091243 0.353688 0.096829 0.355223 0.104701 0.362197 0.105209 0.365824 0.104193 0.371683 0.101907 0.376286 0.106479 0.378518 0.117143 0.375449 0.117651 0.371265 0.117143 0.367359 0.116382 0.362197 0.113335 0.35857 0.109018 0.352572 0.10597 0.350061 0.099623 0.345876
0 0.369134 0.319111 0.364468 0.322277 0.364193 0.326649 0.36337 0.330267 0.371055 0.330569 0.376543 0.32891 0.378739 0.323634 0.378464 0.319412
0 0.652579 0.341695 0.647644 0.344098 0.645876 0.35025 0.646171 0.358021 0.648823 0.360287 0.655601 0.358506 0.657664 0.35203 0.657664 0.348793 0.660022 0.345393 0.65737 0.342802
0 0.172274 0.874962 0.159348 0.873835 0.147235 0.876107 0.1431 0.872212 0.141918 0.867668 0.12892 0.866856 0.123897 0.8714 0.124489 0.876269 0.129215 0.881949 0.134532 0.88487 0.148712 0.884545 0.167028 0.884058 0.181208 0.884058 0.177958 0.880488 0.175891 0.875944
0 0.174558 0.900963 0.160339 0.899987 0.151896 0.897546 0.143898 0.893884 0.135456 0.896081 0.135456 0.90316 0.139455 0.909751 0.151452 0.912192 0.160339 0.910971 0.181223 0.911215 0.187444 0.907554
