0 0.347313 0.659155 0.348264 0.663872 0.345137 0.669494 0.36005 0.67071 0.370152 0.666152 0.376646 0.662809 0.374721 0.659921 0.370873 0.655667 0.362936 0.656274
0 0.397832 0.657635 0.397813 0.660225 0.390116 0.662505 0.392521 0.664784 0.398774 0.664176 0.402382 0.668279 0.413207 0.668127 0.418979 0.665848 0.444235 0.669342 0.456261 0.66995 0.464921 0.664632 0.467566 0.673901 0.471896 0.67299 0.474301 0.669798 0.486327 0.670558 0.507254 0.671014 0.535396 0.671926 0.544777 0.672382 0.561373 0.674053 0.566424 0.670558 0.566424 0.666455 0.573881 0.660529 0.566424 0.657794 0.562095 0.662201 0.556803 0.653083 0.55103 0.648221 0.540447 0.650652 0.526736 0.65126 0.510621 0.64974 0.497873 0.650196 0.49643 0.653995 0.486087 0.654451 0.46901 0.655363 0.459147 0.655363 0.441589 0.657794 0.433892 0.660529 0.427879 0.659769 0.424511 0.655515 0.415131 0.657034 0.408396 0.658098 0.404307 0.654147
0 0.639623 0.630217 0.648327 0.630917 0.657981 0.630617 0.667318 0.631217 0.675706 0.633016 0.679979 0.637815 0.681245 0.642715 0.676655 0.644414 0.664944 0.646714 0.656398 0.644414 0.653075 0.641015 0.643738 0.641815 0.63535 0.639515 0.63535 0.635016
0 0.555271 0.605012 0.561918 0.606612 0.570939 0.605112 0.588189 0.604412 0.600534 0.604912 0.612878 0.605312 0.625696 0.606912 0.627595 0.611011 0.627279 0.613911 0.620632 0.61511 0.611453 0.614311 0.608129 0.611311 0.595469 0.613211 0.575371 0.61501 0.552581 0.61581 0.550524 0.613911 0.556063 0.610511 0.547517 0.607612
0 0.374759 0.605056 0.374879 0.608158 0.375358 0.613456 0.374879 0.615348 0.384102 0.614742 0.404106 0.613834 0.397279 0.61618 0.398117 0.617618 0.410934 0.616331 0.421474 0.614818 0.425308 0.615953 0.42986 0.616331 0.428781 0.612774 0.426865 0.606267 0.423152 0.601877 0.417402 0.603618 0.409377 0.604299 0.391649 0.605737 0.388175 0.606342 0.38518 0.604829 0.380748 0.604677
0 0.782141 0.701245 0.780705 0.715325 0.783525 0.719067 0.792693 0.719602 0.80722 0.719335 0.829643 0.719958 0.818079 0.722631 0.845074 0.723077 0.849869 0.720136 0.848176 0.71185 0.843946 0.701871 0.842112 0.700089 0.818419 0.699644 0.800789 0.699644 0.782737 0.700445
0 0.360318 0.918749 0.363009 0.92307 0.358611 0.926917 0.382291 0.928627 0.408339 0.92884 0.435401 0.931832 0.46517 0.930122 0.50847 0.928199 0.532488 0.932046 0.551093 0.935252 0.569698 0.930977 0.565301 0.916445 0.548387 0.914094 0.529782 0.912812 0.517942 0.922643 0.50441 0.9173 0.49663 0.919437 0.48682 0.919437 0.480731 0.913881 0.467199 0.917513 0.456713 0.920719 0.453668 0.918155 0.436078 0.912812 0.419841 0.915804 0.411722 0.914094 0.401911 0.904477 0.389057 0.906828 0.38838 0.919651 0.381615 0.9173 0.374849 0.914735
0 0.365959 0.42641 0.362712 0.43028 0.363098 0.43442 0.368687 0.436733 0.376009 0.440263 0.386416 0.439533 0.391234 0.437098 0.39027 0.432837 0.386994 0.431254 0.382754 0.425897 0.377744 0.424193
0 0.464438 0.195546 0.440579 0.196506 0.439308 0.193869 0.428964 0.194557 0.417349 0.195704 0.401923 0.195589 0.3747 0.195589 0.355644 0.196277 0.34294 0.195589 0.325518 0.194901 0.313358 0.194901 0.311906 0.199258 0.315717 0.207169 0.324248 0.208774 0.363811 0.206711 0.38196 0.207972 0.406097 0.205793 0.419345 0.206711 0.42606 0.209233 0.439127 0.205908 0.45292 0.205679 0.458182 0.203615 0.46889 0.206252 0.478509 0.204073 0.475605 0.200978 0.469253 0.202468 0.465986 0.199373
0 0.375724 0.2225 0.379298 0.215424 0.390732 0.219208 0.415413 0.217258 0.420313 0.214736 0.436284 0.214163 0.455158 0.214621 0.468044 0.215309 0.474214 0.219093 0.483107 0.222418 0.498533 0.216685 0.508696 0.219552 0.515593 0.226202 0.528841 0.223794 0.535918 0.224711 0.536826 0.229297 0.539186 0.233425 0.534104 0.238125 0.523034 0.240419 0.522126 0.237438 0.515048 0.234457 0.506518 0.238011 0.498715 0.23652 0.492363 0.233196 0.472217 0.233883 0.452799 0.234915 0.433743 0.23503 0.411784 0.232622 0.399805 0.235488 0.388916 0.23331 0.381113 0.231705 0.377483 0.227348
0 0.446084 0.237896 0.442273 0.241106 0.442273 0.246037 0.446628 0.249247 0.464051 0.245807 0.464414 0.240419 0.459877 0.238355 0.44935 0.237438
