0 0.188303 0.086667 0.162563 0.088937 0.122303 0.10218 0.134843 0.113153 0.175102 0.114288 0.212722 0.114288 0.287301 0.115802 0.318981 0.121477 0.342741 0.118072 0.40148 0.118829 0.589577 0.120342 0.608057 0.121856 0.610697 0.11391 0.600797 0.096883 0.580337 0.093099 0.553938 0.093099 0.548658 0.107099 0.522258 0.103315 0.493878 0.089694 0.451639 0.086667 0.4193 0.086288 0.471439 0.102937 0.43514 0.102558 0.410719 0.101802 0.37838 0.101423 0.307101 0.088558 0.284661 0.089694 0.276741 0.098775 0.265522 0.086288 0.255622 0.096505 0.245722 0.102558
0 0.071924 0.140405 0.09376 0.166167 0.10671 0.163383 0.104283 0.152245 0.091332 0.136003
0 0.301992 0.12403 0.289938 0.131267 0.29412 0.13894 0.324232 0.139179 0.344305 0.137501 0.345142 0.130308 0.333014 0.126711 0.313358 0.124793
0 0.287429 0.169629 0.281156 0.17874 0.248953 0.179699 0.222606 0.177302 0.205877 0.17946 0.200859 0.188331 0.211314 0.193366 0.244771 0.191927 0.274046 0.189769 0.276556 0.195284 0.292029 0.195763 0.30123 0.192646 0.318795 0.192646 0.336778 0.195044 0.353088 0.187851 0.353507 0.17874 0.344305 0.174904 0.337196 0.167711 0.309594 0.16915
0 0.746215 0.201243 0.729014 0.21111 0.734199 0.219602 0.751973 0.221725 0.763083 0.21663 0.75864 0.208987
0 0.417951 0.386724 0.392769 0.390546 0.39351 0.399038 0.421654 0.403284 0.46461 0.403284 0.507567 0.404982 0.532748 0.407955 0.566817 0.404558 0.611995 0.404982 0.682355 0.406256 0.717164 0.407105 0.715683 0.393518 0.695686 0.389272 0.677911 0.379931 0.660876 0.388847 0.615698 0.389272 0.597182 0.378232 0.592739 0.386724 0.555708 0.387998 0.543857 0.376958 0.520158 0.378657 0.512751 0.394792 0.469795 0.387998 0.44091 0.389272
0 0.732411 0.521956 0.670403 0.515815 0.648981 0.528742 0.652364 0.541023 0.665329 0.544255 0.681677 0.535529 0.726774 0.53359 0.751578 0.532944
0 0.080221 0.532621 0.068383 0.538115 0.041888 0.538761 0.027231 0.546517 0.026104 0.552981 0.050908 0.55492 0.072329 0.55492 0.080784 0.561384 0.099388 0.557183 0.141666 0.557829 0.206494 0.557829 0.225097 0.557506 0.315855 0.558152 0.336149 0.553628 0.358134 0.540054 0.337276 0.540054 0.314727 0.533267 0.297252 0.533267 0.285414 0.540377 0.264557 0.54167 0.236371 0.541993 0.214386 0.539731 0.185073 0.538438 0.155759 0.535206 0.138284 0.531328 0.118554 0.534883 0.096005 0.53359
0 0.195639 0.116784 0.200827 0.119736 0.201777 0.126403 0.195841 0.134497 0.200352 0.138647 0.200827 0.140484 0.195959 0.140484 0.192754 0.137762 0.188242 0.1413 0.181356 0.142524 0.176369 0.141232 0.175063 0.139327 0.170907 0.139667 0.16972 0.138103 0.171738 0.137014 0.175894 0.127219 0.181237 0.127151 0.187767 0.123069 0.192754 0.121913 0.193228 0.118307
0 0.613125 0.412339 0.609463 0.414617 0.608417 0.417914 0.606116 0.421811 0.606324 0.426247 0.609673 0.428405 0.616788 0.428644 0.621287 0.425407 0.621601 0.421511 0.619403 0.418094 0.622019 0.415397 0.621809 0.4115 0.616578 0.41162
