0 0.310991 0.264322 0.313128 0.271518 0.311776 0.27695 0.320225 0.276837 0.32445 0.274234 0.323267 0.271858 0.322423 0.266765 0.32124 0.262578 0.316676 0.262012
0 0.199373 0.44954 0.215955 0.451104 0.220107 0.447398 0.236019 0.448787 0.246052 0.446008 0.260581 0.450641 0.268538 0.446471 0.284797 0.445776 0.285142 0.451567 0.301401 0.450872 0.305553 0.445313 0.327346 0.443691 0.334265 0.449482 0.347411 0.446703 0.368167 0.449019 0.413138 0.449946 0.442196 0.450872 0.486476 0.449946 0.542517 0.447861 0.586106 0.447398 0.637572 0.446471 0.665247 0.445544 0.72717 0.447398 0.788 0.446471 0.804951 0.440911 0.822939 0.442996 0.829513 0.450177 0.854073 0.452262 0.851998 0.457358 0.831242 0.458517 0.813945 0.471489 0.808756 0.468709 0.817059 0.457358 0.765169 0.461296 0.71224 0.461065 0.63994 0.460601 0.539965 0.46037 0.499837 0.460833 0.495339 0.471025 0.486345 0.47172 0.482194 0.461065 0.457286 0.46176 0.451406 0.470099 0.441027 0.468709 0.445871 0.460138 0.347279 0.460138 0.322372 0.460601 0.320642 0.465003 0.306459 0.466392 0.304038 0.460138 0.284788 0.461528 0.278216 0.465929 0.269568 0.459675 0.228401 0.459443 0.224942 0.465698 0.219407 0.466392 0.215256 0.458517 0.194845 0.455042
0 0.323055 0.476423 0.326132 0.480945 0.338486 0.483243 0.34861 0.485541 0.365082 0.486 0.367827 0.488873 0.375377 0.485885 0.393223 0.486345 0.391678 0.493009 0.403002 0.492205 0.404547 0.486575 0.429255 0.486 0.428569 0.491975 0.437835 0.490366 0.44384 0.485656 0.447615 0.481979 0.446757 0.4752 0.441266 0.470604 0.433545 0.471523 0.422048 0.471293 0.411067 0.470144 0.400429 0.470604 0.385329 0.472213 0.382755 0.476349 0.378638 0.470489 0.369029 0.475545 0.36594 0.471293 0.360793 0.470259 0.35393 0.473706 0.349811 0.468076 0.342776 0.468306 0.337628 0.470949 0.331795 0.470489 0.324759 0.472672
0 0.272257 0.538148 0.275875 0.541845 0.28511 0.544331 0.295391 0.541016 0.298247 0.534897 0.295486 0.52578 0.30215 0.525462 0.301293 0.523677 0.291868 0.521509 0.290155 0.524442 0.286252 0.523358 0.283682 0.522274 0.27816 0.522976 0.27083 0.525972 0.263213 0.526864 0.259406 0.531327 0.260452 0.53598 0.265593 0.538467
0 0.353164 0.522414 0.350766 0.526647 0.352183 0.530859 0.350411 0.534477 0.351031 0.53768 0.347932 0.541832 0.355372 0.543137 0.362459 0.540527 0.360422 0.534714 0.361308 0.533053 0.364319 0.527952 0.36175 0.526528 0.363699 0.522969 0.361041 0.520596 0.354841 0.5203
0 0.395186 0.525084 0.395485 0.528092 0.393688 0.532605 0.395785 0.535814 0.401326 0.536014 0.409264 0.537819 0.417051 0.538121 0.421693 0.540928 0.426187 0.540928 0.428432 0.547146 0.435472 0.546845 0.445505 0.541029 0.455839 0.54153 0.458984 0.545943 0.466622 0.539825 0.467819 0.534611 0.466622 0.53441 0.471264 0.528092 0.463776 0.527089 0.455689 0.532805 0.453742 0.525184 0.451046 0.520471 0.442211 0.52037 0.432626 0.523178 0.429631 0.520069 0.422293 0.52027 0.420645 0.525786 0.41765 0.526287 0.414654 0.523379 0.410911 0.524181 0.404171 0.523078 0.399829 0.525585 0.398481 0.522777
0 0.384347 0.604303 0.38143 0.611507 0.383983 0.615781 0.392371 0.617857 0.401671 0.615293 0.416077 0.61688 0.419907 0.615049 0.422277 0.609432 0.419724 0.604791 0.412795 0.60589 0.403495 0.607722 0.397295 0.603326 0.392371 0.60125
0 0.471908 0.608019 0.469293 0.614192 0.473487 0.617366 0.487346 0.617733 0.505764 0.615901 0.519622 0.617122 0.522722 0.619931 0.533847 0.622129 0.537676 0.619564 0.540411 0.610162 0.54187 0.604911 0.532752 0.601981 0.520352 0.606743 0.513788 0.60369 0.505582 0.606132 0.499382 0.60308 0.491358 0.6054 0.48534 0.605155 0.476587 0.604789
0 0.61348 0.60359 0.612463 0.607965 0.61465 0.611628 0.613557 0.615414 0.612645 0.623106 0.622675 0.623717 0.626139 0.619199 0.62851 0.613704 0.631062 0.6065 0.626869 0.605279 0.626869 0.601249 0.62158 0.600516
0 0.661354 0.602369 0.660787 0.61114 0.664251 0.613948 0.663521 0.617612 0.663704 0.622008 0.665345 0.625915 0.674463 0.623839 0.677016 0.6181 0.674645 0.61578 0.678657 0.608332 0.672457 0.608087 0.673916 0.602958 0.671363 0.60247 0.668081 0.60015
0 0.682328 0.603132 0.682851 0.610041 0.684492 0.612361 0.682304 0.615902 0.684127 0.6181 0.681028 0.621641 0.679933 0.625305 0.695616 0.62738 0.694522 0.624816 0.693427 0.619566 0.69908 0.614925 0.696346 0.612727 0.697257 0.607355 0.696163 0.606744 0.697075 0.603691 0.694339 0.600028 0.688504 0.600394
0 0.456531 0.684935 0.454302 0.690138 0.45646 0.691503 0.452264 0.694072 0.453942 0.696801 0.451425 0.699932 0.453103 0.701457 0.461495 0.700574 0.458618 0.698246 0.46605 0.694714 0.458498 0.69351 0.46617 0.69062 0.465931 0.68789 0.462574 0.686766 0.461255 0.684679
