0 0.159101 0.127193 0.141602 0.127193 0.145386 0.139794 0.169033 0.141331 0.177073 0.134877 0.16383 0.125656
0 0.562314 0.15909 0.538838 0.158165 0.536705 0.166487 0.540973 0.177119 0.556623 0.178968 0.572273 0.17111 0.572273 0.166024
0 0.795453 0.145171 0.795646 0.156778 0.802049 0.166487 0.811297 0.166949 0.815566 0.15909 0.813431 0.148919
0 0.49331 0.218726 0.485485 0.229358 0.496867 0.232594 0.507538 0.229821 0.510383 0.223348
0 0.565306 0.424485 0.540916 0.429013 0.53961 0.43524 0.550062 0.43524 0.561385 0.43807 0.57271 0.43524 0.575758 0.428447 0.572274 0.42505
0 0.58823 0.423717 0.580985 0.432692 0.5775 0.441749 0.584468 0.447693 0.592308 0.446844 0.594921 0.4409 0.59405 0.432692 0.594921 0.423918
0 0.528328 0.542538 0.520417 0.539659 0.514088 0.53678 0.510606 0.542538 0.51124 0.5448 0.505543 0.543772 0.498897 0.541716 0.485606 0.5448 0.485606 0.550764 0.494783 0.554466 0.500796 0.555083 0.519784 0.554671 0.529594 0.554055 0.530543 0.558579 0.532126 0.561664 0.538455 0.561047 0.545417 0.55899 0.551746 0.555494 0.562189 0.552409 0.555543 0.547885 0.55143 0.5448 0.543519 0.548296 0.537189 0.545828
0 0.578013 0.540428 0.571999 0.543978 0.571366 0.548502 0.572949 0.553438 0.584341 0.555083 0.595734 0.555083 0.610924 0.555083 0.616936 0.553849 0.620734 0.551381 0.614088 0.547474 0.605861 0.546446 0.597949 0.545417 0.588772 0.543978
0 0.252893 0.612438 0.240731 0.616786 0.221879 0.610858 0.200595 0.607696 0.164717 0.608487 0.125799 0.610858 0.122758 0.621527 0.134313 0.624689 0.151339 0.62627 0.185393 0.628246 0.217014 0.628246 0.236474 0.62706 0.269311 0.625875 0.284514 0.623108 0.287555 0.617576 0.26992 0.61481
0 0.352013 0.610067 0.3435 0.614019 0.346541 0.624689 0.347757 0.634173 0.355662 0.636544 0.367824 0.634964 0.372688 0.630617 0.376337 0.625084 0.375729 0.61639
0 0.455999 0.61639 0.443837 0.621132 0.451134 0.632197 0.457823 0.640891 0.466944 0.641286 0.47485 0.631802 0.471809 0.623503
0 0.339851 0.643657 0.334986 0.652747 0.336202 0.664207 0.347149 0.672901 0.355053 0.669739 0.357486 0.664602 0.355053 0.652351 0.355053 0.645633
0 0.384012 0.696294 0.369495 0.701868 0.375433 0.710873 0.399187 0.711731 0.424921 0.712588 0.439437 0.710015 0.432839 0.698009 0.405786 0.699295 0.394569 0.69415
