0 0.155144 0.115233 0.144565 0.117584 0.14083 0.124635 0.1539 0.127768 0.173815 0.128943 0.22236 0.131294 0.275884 0.133252 0.339365 0.135602 0.381064 0.135602 0.412183 0.135602 0.427119 0.12816 0.372974 0.126985 0.36426 0.126593 0.266548 0.125418 0.239164 0.125026 0.186263 0.120717
0 0.169459 0.145468 0.162613 0.152519 0.171326 0.157219 0.204312 0.156828 0.221115 0.156828 0.264682 0.156828 0.301401 0.156828 0.348701 0.156828 0.358659 0.15291 0.355547 0.147818 0.335009 0.14821 0.315716 0.150168 0.263437 0.15056 0.219871 0.151343 0.191864 0.149777
0 0.208006 0.175279 0.18813 0.17563 0.184396 0.181506 0.199955 0.184248 0.216759 0.184248 0.251611 0.185031 0.274017 0.187773 0.295177 0.187381 0.30887 0.181506 0.283974 0.179547 0.243521 0.175238
0 0.237678 0.2102 0.13415 0.16133 0.121209 0.168932 0.149679 0.184679 0.232501 0.223232 0.152268 0.225947 0.163483 0.243867 0.209208 0.240065 0.201443 0.273732 0.208345 0.286221 0.201443 0.301425 0.173836 0.30414 0.177286 0.314457 0.280815 0.320973 0.282541 0.333462 0.187639 0.325317 0.185914 0.345408 0.228188 0.348666 0.218698 0.355726 0.19109 0.362442 0.224737 0.379275 0.249756 0.393936 0.251482 0.415656 0.341207 0.423801 0.456813 0.424887 0.551713 0.429231 0.615556 0.431404 0.655242 0.431946 0.678535 0.437919 0.672496 0.423258 0.593988 0.385791 0.650066 0.373302 0.646614 0.352125 0.560341 0.357555 0.559478 0.332034 0.599164 0.326604 0.589674 0.302168 0.435245 0.301625 0.38952 0.282077 0.414538 0.253841 0.470616 0.242438 0.449911 0.226148 0.433519 0.228863 0.521518 0.155014 0.520655 0.144154 0.390382 0.230492 0.298932 0.225062
0 0.310658 0.570101 0.291705 0.571556 0.291705 0.578069 0.307049 0.58009 0.331313 0.580539 0.337736 0.579191 0.339163 0.573801 0.327387 0.572679
0 0.393532 0.570325 0.387801 0.573396 0.387801 0.581925 0.390124 0.586067 0.398642 0.586067 0.405224 0.581437 0.403288 0.577782
0 0.446407 0.622939 0.440271 0.624807 0.452123 0.627103 0.459417 0.625668 0.458505 0.622799
0 0.621341 0.671477 0.615396 0.674644 0.613109 0.680113 0.629116 0.680401 0.658384 0.68184 0.661128 0.678961 0.662042 0.675795 0.649695 0.674932
0 0.339133 0.775023 0.321447 0.774167 0.309544 0.777164 0.314306 0.781231 0.320767 0.781231 0.339473 0.782515 0.352396 0.781659 0.353757 0.777592 0.353077 0.775665
0 0.26079 0.804466 0.253282 0.807091 0.25787 0.811291 0.272469 0.809979 0.274554 0.804991
0 0.419932 0.802923 0.41345 0.807616 0.418455 0.811029 0.428466 0.810241 0.43222 0.806828 0.4293 0.803416
0 0.53542 0.804731 0.529581 0.809456 0.534169 0.812869 0.54126 0.812607 0.549185 0.810507 0.550019 0.808406 0.540426 0.805256 0.537089 0.804469
0 0.595306 0.801669 0.589657 0.8096 0.592264 0.814249 0.602692 0.811788 0.609209 0.806319 0.603127 0.801943
0 0.627892 0.825188 0.619202 0.83011 0.623981 0.837494 0.632236 0.836399 0.637016 0.829836
0 0.681768 0.804404 0.670906 0.808506 0.677858 0.811788 0.689155 0.812061 0.694368 0.809053 0.68872 0.805771
0 0.426407 0.828158 0.423219 0.830921 0.421325 0.834499 0.426147 0.838943 0.429936 0.838943 0.435793 0.836667 0.437171 0.833415 0.433898 0.831246
0 0.485681 0.882924 0.478829 0.885577 0.48101 0.890657 0.492789 0.891069 0.495188 0.887362 0.492789 0.885166
0 0.520779 0.879525 0.518525 0.884342 0.510892 0.886538 0.508711 0.889284 0.515254 0.888323 0.518962 0.88997 0.527032 0.890931 0.532485 0.890108 0.534011 0.885303 0.528777 0.883655 0.52376 0.882832
0 0.45876 0.9078 0.449247 0.909025 0.448166 0.911747 0.454868 0.91406 0.462003 0.915285 0.470002 0.912699 0.468489 0.909842 0.464381 0.908753
0 0.482759 0.909025 0.474543 0.912155 0.475623 0.914876 0.48319 0.914196 0.488596 0.913516 0.490758 0.910658
