0 0.490397 0.557687 0.470983 0.567631 0.463122 0.580866 0.47867 0.584656 0.496501 0.580935 0.513897 0.586448 0.526292 0.584587 0.53836 0.576939 0.540752 0.56867 0.532924 0.564053 0.519877 0.559092 0.500741 0.556956
0 0.195265 0.562468 0.19336 0.567789 0.19247 0.571925 0.197661 0.576531 0.209528 0.576155 0.219168 0.573899 0.223618 0.568635 0.216054 0.564404 0.199589 0.560926
0 0.253635 0.710803 0.231936 0.717256 0.23523 0.729779 0.249281 0.737015 0.279581 0.737711 0.287925 0.734093 0.291877 0.723518 0.295828 0.713081 0.282875 0.707237 0.269701 0.713499 0.264432 0.707515
0 0.543806 0.603976 0.543698 0.622489 0.545316 0.63547 0.583046 0.635129 0.58089 0.629321 0.563103 0.624881 0.562564 0.606092
0 0.28188 0.791101 0.27467 0.799702 0.273712 0.808816 0.278985 0.818133 0.280743 0.828868 0.277547 0.839603 0.277547 0.848211 0.288253 0.847907 0.287613 0.84173 0.304552 0.843755 0.317335 0.843249 0.317495 0.83697 0.320051 0.826843 0.32101 0.818741 0.318933 0.813981 0.304232 0.817728 0.302635 0.812158 0.298479 0.803145 0.300077 0.792714
0 0.29055 0.899052 0.295747 0.929586 0.313034 0.929181 0.313674 0.908081 0.30215 0.896314
0 0.216112 0.919347 0.220841 0.952309 0.24581 0.953932 0.236207 0.917819
0 0.156081 0.947762 0.145294 0.955961 0.160019 0.970974 0.184988 0.970162 0.178586 0.947034
0 0.616215 0.562654 0.610703 0.564094 0.605205 0.568289 0.604696 0.573257 0.606426 0.574613 0.605205 0.576613 0.606324 0.580098 0.60327 0.584421 0.603576 0.587518 0.600114 0.589196 0.601234 0.591003 0.603982 0.589454 0.607139 0.590229 0.612637 0.590099 0.613452 0.588615 0.613044 0.586744 0.617015 0.58455 0.617728 0.582421 0.619663 0.580162 0.617219 0.577581 0.615285 0.576677 0.610499 0.578807 0.609787 0.576097 0.616405 0.575129 0.620375 0.573322 0.620681 0.571063 0.618135 0.569644 0.613248 0.570225 0.608666 0.572483 0.608361 0.569644 0.611517 0.566805 0.614062 0.568805 0.615386 0.568418 0.615692 0.567127 0.619255 0.566482 0.619765 0.564675 0.618645 0.563255
0 0.716108 0.565589 0.709857 0.567895 0.707549 0.57134 0.706283 0.575681 0.707996 0.577993 0.706804 0.581155 0.707177 0.585307 0.697497 0.587997 0.697944 0.589224 0.703082 0.58913 0.710453 0.586865 0.714771 0.587054 0.717973 0.586582 0.717527 0.585921 0.721324 0.584364 0.721547 0.58073 0.720803 0.57738 0.717898 0.574596 0.718866 0.573274 0.720654 0.571623 0.719983 0.56898 0.718495 0.567848 0.718643 0.565866
0 0.477759 0.751078 0.473589 0.758987 0.473469 0.764555 0.470098 0.768522 0.471904 0.769895 0.475876 0.767225 0.481653 0.766462 0.484783 0.764403 0.483218 0.760665 0.484903 0.756393 0.482616 0.752884
0 0.462317 0.856496 0.458992 0.857967 0.456452 0.860024 0.457087 0.862663 0.459698 0.865078 0.463086 0.865704 0.467178 0.864989 0.468661 0.863289 0.468731 0.857922 0.466543 0.855865
