0 0.147349 0.12368 0.145392 0.13005 0.142278 0.134189 0.145837 0.139569 0.145837 0.145778 0.153619 0.147571 0.155621 0.14495 0.152952 0.143294 0.154286 0.136258 0.156733 0.130188 0.158512 0.126463 0.155621 0.123428
0 0.17897 0.173646 0.176302 0.180406 0.176302 0.187719 0.1743 0.190754 0.182974 0.193375 0.187421 0.189236 0.18831 0.186753 0.191646 0.18358 0.189423 0.177647 0.188977 0.173922 0.185197 0.171853
0 0.344407 0.371618 0.342002 0.376289 0.342002 0.380436 0.343912 0.386459 0.356007 0.390507 0.364283 0.39031 0.364442 0.387841 0.359031 0.387446 0.350437 0.384879 0.348209 0.381226 0.354098 0.379646 0.362214 0.38251 0.367307 0.384484 0.36858 0.38172 0.368898 0.376092 0.36842 0.371155 0.36476 0.370267 0.362851 0.37234 0.354734 0.370365 0.355689 0.3677 0.350596 0.367008
0 0.145709 0.536655 0.148444 0.543897 0.170807 0.545098 0.172528 0.541096 0.175538 0.539095 0.172528 0.537627 0.168872 0.530423 0.164571 0.531223 0.166507 0.536159 0.162851 0.538294 0.15898 0.53656 0.152529 0.537494 0.150379 0.534692
0 0.198132 0.527479 0.18758 0.530423 0.18758 0.538961 0.183494 0.540295 0.189085 0.543364 0.19059 0.547766 0.211018 0.548033 0.209083 0.544831 0.198117 0.544831 0.193601 0.541362 0.205428 0.540562 0.203708 0.538694 0.195106 0.538694 0.197257 0.532291 0.201987 0.53029 0.201772 0.526821
0 0.257007 0.529982 0.258332 0.537627 0.259408 0.54363 0.272955 0.543764 0.287147 0.542029 0.300049 0.540295 0.299404 0.538294 0.289728 0.53776 0.282416 0.529089 0.27833 0.529623 0.27833 0.537494 0.27231 0.534159 0.264998 0.537227 0.260913 0.534425 0.262848 0.529356
0 0.31185 0.532984 0.309252 0.534958 0.306026 0.538827 0.309252 0.543362 0.316779 0.543763 0.32538 0.546965 0.343442 0.546564 0.352044 0.54483 0.352474 0.540027 0.347529 0.537493 0.341508 0.536826 0.337421 0.530155 0.334411 0.531089 0.335701 0.53816 0.319789 0.538026 0.317639 0.533357 0.314843 0.53189
0 0.411884 0.534424 0.409304 0.538026 0.413604 0.541361 0.420731 0.541514 0.424075 0.541588 0.423597 0.538921 0.423716 0.536254 0.420612 0.534995 0.41715 0.53381 0.413448 0.534032
0 0.428271 0.53614 0.433269 0.536254 0.433269 0.533958 0.432553 0.531291 0.435179 0.530921 0.437329 0.533662 0.437329 0.535143 0.441507 0.535514 0.444731 0.537365 0.445089 0.540477 0.443418 0.541884 0.439717 0.542477 0.436373 0.542255 0.434462 0.541366 0.433985 0.538403 0.43088 0.538699 0.430762 0.54107 0.428492 0.541366 0.42706 0.538995 0.426463 0.536477
0 0.224718 0.97488 0.224405 0.978999 0.223374 0.982141 0.223749 0.984875 0.225437 0.986736 0.230594 0.98662 0.235564 0.985166 0.237626 0.984061 0.239876 0.985573 0.244284 0.986736 0.248409 0.986329 0.250378 0.985166 0.254035 0.984293 0.255817 0.986096 0.258817 0.986155 0.258348 0.984817 0.257786 0.981966 0.259567 0.98121 0.260974 0.983479 0.264349 0.984933 0.266599 0.984177 0.269599 0.983769 0.269881 0.982083 0.269787 0.980163 0.268849 0.978709 0.266599 0.978825 0.265943 0.979697 0.264442 0.978185 0.261723 0.978243 0.258254 0.978534 0.257504 0.975917 0.257223 0.97423 0.253097 0.974171 0.25291 0.976731 0.25291 0.977894 0.246909 0.977138 0.242033 0.977953 0.238283 0.978127 0.237814 0.976149 0.234719 0.974462 0.231532 0.973473 0.227031 0.973182
