0 0.350517 0.237952 0.362341 0.239808 0.377663 0.240345 0.379419 0.242912 0.384982 0.24345 0.387909 0.240285 0.403524 0.239211 0.40694 0.237359 0.403524 0.236165 0.408208 0.233299 0.40245 0.231866 0.398351 0.228463 0.397961 0.226134 0.401767 0.224701 0.402158 0.222969 0.399718 0.22279 0.394741 0.223925 0.389568 0.223865 0.386543 0.225477 0.382445 0.225776 0.380688 0.226791 0.374638 0.228343 0.371612 0.229896 0.3721 0.231568 0.362048 0.231568 0.360291 0.227388 0.356388 0.225776 0.353363 0.226552 0.351021 0.223984 0.347605 0.22482 0.344775 0.228045 0.339993 0.226492 0.332307 0.222397 0.32984 0.223906 0.331918 0.234315 0.335554 0.233124 0.338022 0.231614 0.344515 0.233282
0 0.111936 0.23678 0.112993 0.241886 0.112993 0.249243 0.121688 0.252412 0.128903 0.253204 0.130012 0.250827 0.137042 0.254223 0.151286 0.253544 0.160721 0.255694 0.166086 0.253657 0.159056 0.251959 0.163681 0.249016 0.168306 0.245507 0.157761 0.242112 0.152766 0.240188 0.145367 0.244149 0.132788 0.242225 0.124092 0.242225 0.118173 0.240074 0.115028 0.235886
0 0.191495 0.248244 0.188286 0.250261 0.18995 0.253997 0.1918 0.2566 0.201975 0.257392 0.214185 0.259203 0.222139 0.259882 0.221399 0.255694 0.237863 0.254449 0.248408 0.25411 0.249703 0.257279 0.257473 0.260562 0.255438 0.264863 0.256178 0.268145 0.258847 0.270431 0.259738 0.273775 0.263838 0.274975 0.267046 0.274502 0.268888 0.271667 0.26764 0.267922 0.275958 0.267159 0.291524 0.264614 0.295862 0.263487 0.318841 0.263706 0.326624 0.262942 0.327218 0.258471 0.327693 0.252291 0.326089 0.251673 0.322938 0.252286 0.321344 0.253076 0.30457 0.253215 0.280433 0.254376 0.280889 0.248688 0.277776 0.248782 0.275195 0.251893 0.27512 0.254912 0.265024 0.256305 0.26548 0.250964 0.265328 0.247853 0.261457 0.247667 0.260926 0.250082 0.259788 0.25454 0.25789 0.257141 0.254323 0.257048 0.253639 0.25584 0.254854 0.254401 0.249237 0.252079 0.243923 0.251846 0.232614 0.252125 0.219875 0.25324 0.217597 0.250825 0.216687 0.247946 0.214333 0.247203 0.212436 0.249431 0.213195 0.252357 0.210538 0.253936 0.205149 0.253751 0.204466 0.251103 0.199684 0.247946 0.195585 0.24762
0 0.114858 0.095611 0.113421 0.097304 0.110237 0.097835 0.108885 0.099075 0.101841 0.098839 0.101454 0.101142 0.106472 0.101968 0.106955 0.105807 0.111008 0.107342 0.115544 0.112656 0.118922 0.111121 0.116798 0.108641 0.119115 0.105924 0.123361 0.105039 0.124519 0.110117 0.128572 0.110176 0.129055 0.107401 0.128476 0.097304 0.123844 0.095946 0.119501 0.095178
0 0.24 0.114012 0.238455 0.115568 0.238055 0.118235 0.238055 0.119973 0.239895 0.121784 0.242135 0.12264 0.245294 0.122934 0.249294 0.122053 0.251094 0.120829 0.254893 0.120927 0.257252 0.120756 0.257973 0.119532 0.256053 0.118578 0.255292 0.116302 0.250254 0.113513 0.248373 0.11317 0.246774 0.114002 0.243855 0.112705 0.241174 0.113048
0 0.875991 0.134199 0.871654 0.135201 0.868822 0.139417 0.86769 0.144963 0.868067 0.148486 0.870333 0.151432 0.87477 0.153512 0.878358 0.153165 0.881756 0.15097 0.880907 0.150161 0.876753 0.150508 0.874298 0.149353 0.878263 0.146927 0.880435 0.145483 0.879112 0.142306 0.871654 0.145829 0.871654 0.144212 0.878263 0.140457 0.876847 0.138782 0.873731 0.139475 0.873259 0.13728 0.875714 0.137222 0.878169 0.137742 0.878263 0.134508
0 0.834276 0.285689 0.920824 0.29347 0.958592 0.302258 0.984391 0.312673 0.984923 0.298841 0.9554 0.290216 0.932792 0.28631 0.915238 0.283055 0.870289 0.278987 0.860448 0.274756 0.83651 0.271664
0 0.060485 0.335993 0.067535 0.343144 0.081821 0.342576 0.100188 0.344506 0.10223 0.347117 0.093695 0.353133 0.087758 0.350523 0.075142 0.354723 0.073658 0.359831 0.064196 0.360853 0.059001 0.356652 0.057146 0.349614 0.048054 0.34689 0.051766 0.343485 0.057888 0.345755 0.057331 0.337923
0 0.117445 0.447129 0.116838 0.452971 0.10683 0.453428 0.10937 0.46083 0.116389 0.464211 0.139838 0.465491 0.164183 0.497017 0.159403 0.498858 0.158357 0.507539 0.154773 0.507996 0.154923 0.5122 0.159254 0.512931 0.162241 0.52152 0.172691 0.519317 0.187612 0.520212 0.198583 0.525314 0.202239 0.524777 0.198875 0.520123 0.263385 0.522539 0.265872 0.52603 0.268943 0.526298 0.267773 0.523166 0.328961 0.524956 0.327498 0.527641 0.332471 0.528715 0.337299 0.525851 0.340078 0.527283 0.342419 0.525672 0.38068 0.526388 0.386532 0.538828 0.38975 0.53856 0.38697 0.52773 0.422027 0.528267 0.423198 0.533548 0.420125 0.538202 0.42349 0.539902 0.427878 0.528356 0.43095 0.528535 0.430511 0.53131 0.436362 0.529341 0.436509 0.522987 0.436362 0.516453 0.421589 0.515468 0.414622 0.501086 0.411357 0.469963 0.411901 0.464637 0.394492 0.459811 0.374635 0.453653 0.371371 0.454319 0.375723 0.469464 0.362938 0.469131 0.351786 0.463972 0.338185 0.459312 0.326217 0.461974 0.315608 0.460976 0.308536 0.46031 0.305815 0.451323 0.299287 0.452821 0.302551 0.467799 0.287318 0.465303 0.28759 0.456815 0.28079 0.458146 0.273174 0.466634 0.253045 0.466801 0.250052 0.459145 0.242435 0.461475 0.236452 0.455816 0.228291 0.459977 0.220456 0.450144 0.216335 0.451345 0.222025 0.46185 0.210644 0.459089 0.201815 0.454947 0.18749 0.458489 0.167769 0.456808 0.159037 0.450505 0.155879 0.4536 0.152863 0.464212 0.137968 0.451408 0.125148 0.44714
0 0.471026 0.600796 0.472345 0.611045 0.471705 0.615605 0.476603 0.614172 0.483204 0.61567 0.490017 0.613586 0.494063 0.608114 0.480755 0.600102 0.476284 0.602642 0.475645 0.599711 0.472771 0.59919
0 0.719722 0.599219 0.717153 0.606977 0.716407 0.610222 0.718479 0.611692 0.718313 0.615292 0.724114 0.614836 0.728754 0.617472 0.734555 0.617067 0.738615 0.61367 0.73903 0.610983 0.742179 0.609512 0.741847 0.60647 0.737621 0.606318 0.735218 0.606673 0.73066 0.605354 0.730163 0.602211 0.726683 0.600132 0.726102 0.597546 0.723699 0.597749
0 0.134877 0.714931 0.146654 0.716497 0.154105 0.715358 0.168289 0.715796 0.178031 0.715533 0.182187 0.719565 0.214137 0.719302 0.219581 0.715883 0.235771 0.716673 0.237204 0.719215 0.249812 0.717374 0.267578 0.716497 0.275172 0.714043 0.278897 0.714832 0.278324 0.717374 0.284772 0.719215 0.290502 0.718075 0.292204 0.719741 0.302376 0.71939 0.320716 0.720968 0.325014 0.716322 0.329026 0.717199 0.328882 0.720354 0.338625 0.720004 0.336046 0.714656 0.342207 0.714306 0.347365 0.720354 0.361119 0.720705 0.368856 0.714218 0.3743 0.716234 0.366277 0.721845 0.378026 0.722107 0.379601 0.720267 0.385763 0.722107 0.404215 0.720267 0.423557 0.721231 0.433156 0.721319 0.435878 0.724825 0.438458 0.724737 0.441897 0.71939 0.445049 0.719741 0.445335 0.725439 0.450493 0.721406 0.48382 0.719215 0.490841 0.722809 0.508607 0.721757 0.516544 0.720179 0.519839 0.721757 0.548637 0.722633 0.55136 0.718864 0.555545 0.721669 0.555832 0.725263 0.56099 0.725877 0.560085 0.728023 0.553823 0.728118 0.556683 0.730104 0.553128 0.730766 0.550731 0.729536 0.544857 0.731665 0.541224 0.73053 0.536741 0.730293 0.536355 0.728307 0.532567 0.728638 0.529552 0.729442 0.528161 0.728449 0.523832 0.728874 0.520895 0.730151 0.512547 0.730057 0.507136 0.728922 0.507136 0.727834 0.496237 0.728307 0.49044 0.727314 0.486961 0.72703 0.48167 0.729631 0.477496 0.728685 0.473863 0.730719 0.468142 0.7293 0.460722 0.727692 0.45887 0.730151 0.452145 0.730199 0.449362 0.731381 0.443255 0.731381 0.440704 0.730009 0.43608 0.731428 0.437007 0.734218 0.43608 0.738522 0.43237 0.739326 0.428813 0.738475 0.42835 0.73436 0.428891 0.729868 0.423558 0.729915 0.421238 0.727361 0.395556 0.726983 0.388445 0.725989 0.391305 0.7293 0.388522 0.730671 0.378202 0.729489 0.373718 0.729631 0.365834 0.729347 0.361366 0.727739 0.361134 0.725327 0.345674 0.724807 0.34467 0.726983 0.33864 0.729962 0.337327 0.729253 0.337558 0.72755 0.341423 0.724287 0.334621 0.724287 0.326856 0.728732 0.32415 0.726651 0.321908 0.72424 0.311796 0.724334 0.310328 0.73157 0.306308 0.730766 0.306773 0.724098 0.295719 0.72405 0.297961 0.728827 0.291931 0.727928 0.283423 0.727786 0.282496 0.723435 0.270515 0.723152 0.270437 0.727266 0.277085 0.729678 0.275075 0.731144 0.270128 0.731097 0.266264 0.726651 0.266959 0.722679 0.234125 0.721969 0.233352 0.723483 0.24031 0.726793 0.241856 0.729962 0.239536 0.732516 0.234667 0.734455 0.231111 0.734218 0.22771 0.729726 0.228174 0.726746 0.216078 0.72528 0.210745 0.72405 0.186668 0.723909 0.180793 0.725375 0.176542 0.724003 0.171518 0.724571 0.168092 0.723294 0.150236 0.722442 0.137869 0.723483 0.127632 0.723909 0.121371 0.721213 0.121371 0.716247 0.124385 0.716152 0.124772 0.719274 0.131651 0.718375 0.132656 0.715632
0 0.490033 0.694472 0.490128 0.698528 0.486571 0.698912 0.486153 0.701281 0.490965 0.701536 0.491384 0.705569 0.514083 0.705633 0.527892 0.706017 0.52967 0.702113 0.529775 0.696288 0.526428 0.696224 0.515443 0.695904 0.509586 0.695584 0.498288 0.694816 0.495254 0.695712 0.492952 0.693856
0 0.718763 0.747733 0.716302 0.751875 0.717532 0.756393 0.728609 0.756619 0.75236 0.756393 0.769097 0.755414 0.772297 0.752251 0.770698 0.747131 0.768359 0.745173 0.762082 0.746378 0.756422 0.747884 0.749038 0.747733 0.745345 0.745399 0.743745 0.747809 0.739561 0.747884 0.739315 0.743065 0.735746 0.742688 0.734393 0.748938 0.727624 0.748863 0.726024 0.746755 0.721101 0.746604
0 0.538837 0.763217 0.535347 0.767856 0.534385 0.773157 0.520426 0.773231 0.520064 0.775587 0.534385 0.775955 0.529812 0.779195 0.545817 0.784644 0.548586 0.78133 0.557851 0.780667 0.560018 0.785601 0.56423 0.784496 0.569525 0.780299 0.616819 0.781035 0.619587 0.777133 0.637879 0.777575 0.637037 0.780446 0.656291 0.781404 0.663993 0.782287 0.670492 0.780226 0.67699 0.782066 0.682766 0.780152 0.696593 0.780078 0.702971 0.781772 0.709711 0.779121 0.717051 0.780078 0.726438 0.776029 0.721023 0.783097 0.719337 0.785822 0.727315 0.784864 0.730324 0.777207 0.730684 0.77139 0.72888 0.764763 0.724186 0.764174 0.72178 0.7655 0.721178 0.769107 0.715281 0.770506 0.714078 0.765868 0.709745 0.765941 0.709023 0.768224 0.704811 0.768224 0.702284 0.766383 0.698433 0.766678 0.696508 0.768518 0.613471 0.771611 0.611065 0.769328 0.608418 0.769402 0.606131 0.771685 0.587718 0.772421 0.582664 0.771095 0.579535 0.772789 0.574601 0.768077 0.571472 0.768371 0.57075 0.773157 0.56353 0.773231 0.56714 0.770212 0.56365 0.766457 0.556556 0.767782 0.556195 0.770875 0.55439 0.773452 0.538866 0.773599 0.541032 0.767267 0.545485 0.765794 0.546568 0.763806
0 0.770777 0.782247 0.781354 0.779946 0.79052 0.779522 0.810235 0.780475 0.8258 0.782803 0.842229 0.78312 0.85053 0.781321 0.858313 0.781427 0.882178 0.781533 0.882871 0.777935 0.881141 0.773174 0.877336 0.770211 0.871629 0.769364 0.867306 0.765767 0.861253 0.765449 0.862463 0.769682 0.847936 0.770952 0.840846 0.771163 0.838597 0.767989 0.834274 0.7682 0.834101 0.77074 0.825108 0.771375 0.820093 0.768306 0.808333 0.765344 0.808851 0.769259 0.806949 0.772221 0.80228 0.771798 0.79346 0.766613 0.790347 0.768729 0.788271 0.773068 0.78464 0.769894 0.780662 0.769788 0.780143 0.771375 0.768211 0.770528 0.764232 0.770846 0.763022 0.776031 0.756451 0.775607 0.75524 0.778782 0.764578 0.780792
