0 0.235184 0.803979 0.191883 0.805652 0.178696 0.793243 0.188366 0.780243 0.220896 0.774334 0.273648 0.774334 0.296507 0.782607 0.325521 0.776698 0.387063 0.774925 0.427507 0.770198 0.448607 0.777289 0.449486 0.794425 0.428385 0.806242 0.383547 0.80447 0.335192 0.80447 0.283319 0.802697
0 0.267054 0.864562 0.242876 0.860604 0.249031 0.841105 0.275406 0.840514 0.30442 0.835787 0.343983 0.842287 0.372117 0.842287 0.399373 0.839332 0.436298 0.838741 0.487291 0.839332 0.51103 0.847014 0.504875 0.863559 0.477621 0.870649 0.429265 0.86415 0.399373 0.86415 0.355413 0.863559 0.331675 0.86415
0 0.686562 0.835597 0.68303 0.829971 0.683619 0.823839 0.683619 0.818695 0.693627 0.814739 0.698042 0.81553 0.701279 0.821069 0.704518 0.828389 0.700102 0.833928 0.695687 0.837291
0 0.731818 0.832344 0.730935 0.825024 0.735939 0.820474 0.746535 0.820474 0.747418 0.824431 0.748007 0.829772 0.743592 0.832937 0.744181 0.836498 0.733584 0.836893
0 0.348687 0.357181 0.34056 0.35921 0.333389 0.358729 0.330759 0.353588 0.331238 0.347001 0.336018 0.343467 0.341516 0.342182 0.347014 0.343146 0.348925 0.347323 0.35036 0.350857
0 0.87776 0.494963 0.870116 0.50119 0.860039 0.500957 0.856217 0.491149 0.863166 0.481108 0.883319 0.470132 0.890615 0.464061 0.897912 0.458223 0.910072 0.456121 0.929183 0.459857 0.950725 0.459157 0.966013 0.463827 0.968793 0.472468 0.964971 0.47924 0.962538 0.487179 0.968445 0.491383 0.96636 0.497454 0.95142 0.506328 0.946208 0.510064 0.93509 0.516369 0.925014 0.519638 0.909378 0.520806 0.894437 0.518938 0.881582 0.517536 0.871505 0.510531 0.878802 0.500256
0 0.817389 0.470437 0.811048 0.477138 0.809311 0.484844 0.826336 0.491383 0.83537 0.486946 0.837455 0.482042 0.837455 0.470366 0.820082 0.468965
0 0.896522 0.651839 0.889573 0.648103 0.891657 0.641564 0.908336 0.638061 0.916674 0.635726 0.931963 0.636427 0.940996 0.646235 0.938564 0.654174 0.920844 0.657443 0.907293 0.658144
0 0.815652 0.694969 0.806183 0.687567 0.806531 0.680328 0.810005 0.672855 0.821472 0.66982 0.835717 0.670988 0.84892 0.668886 0.862124 0.666784 0.87637 0.664215 0.893742 0.663515 0.898954 0.669119 0.898259 0.676125 0.882624 0.681963 0.864904 0.683364 0.858302 0.688034 0.849963 0.692004 0.837802 0.695974 0.826336 0.695273
0 0.424812 0.652352 0.420051 0.653843 0.416019 0.656252 0.412658 0.653994 0.410417 0.649477 0.412658 0.646014 0.415123 0.643454 0.413554 0.639841 0.420051 0.638787 0.426324 0.640895 0.426772 0.645111 0.42722 0.649628
