0 0.174009 0.12796 0.174379 0.122503 0.16606 0.121438 0.170867 0.115169 0.170312 0.109965 0.181589 0.111148 0.182143 0.115524 0.198042 0.116116 0.211537 0.116234 0.223185 0.115643 0.231874 0.118481 0.238344 0.11446 0.244259 0.109728 0.255537 0.110556 0.253873 0.114341 0.267183 0.112685 0.277166 0.110438 0.291217 0.113987 0.292511 0.119664 0.298611 0.126288 0.298426 0.132794 0.29399 0.135278 0.287334 0.133385 0.275873 0.13374 0.270696 0.132794 0.262562 0.133622 0.250175 0.132557 0.243521 0.129482 0.23779 0.126052 0.230949 0.128772 0.225033 0.129836 0.213387 0.129836 0.202109 0.129718 0.192311 0.129009 0.191202 0.126643 0.185841 0.125933 0.183067 0.1296
0 0.718433 0.236291 0.716943 0.23168 0.720917 0.229844 0.715178 0.22702 0.721799 0.223489 0.711205 0.220665 0.713191 0.217276 0.705466 0.215157 0.707232 0.209226 0.717606 0.208661 0.732394 0.207955 0.734159 0.211909 0.731069 0.214734 0.736366 0.216711 0.733718 0.219959 0.739677 0.222642 0.73725 0.225608 0.740119 0.228715 0.744092 0.234222 0.739236 0.235917 0.735925 0.239447 0.727758 0.239588
0 0.649459 0.260128 0.646369 0.257382 0.637982 0.256111 0.63732 0.25371 0.639085 0.24905 0.654756 0.248203 0.653873 0.245237 0.668883 0.244672 0.676166 0.247356 0.675725 0.250604 0.681463 0.253287 0.679918 0.258229 0.673959 0.259783 0.659833 0.261336
0 0.291564 0.262058 0.282695 0.259701 0.27978 0.25768 0.282452 0.253638 0.279537 0.249751 0.287069 0.244621 0.300675 0.245709 0.302862 0.251772 0.30675 0.258768 0.298003 0.264675
0 0.345928 0.265751 0.342952 0.259701 0.349998 0.257991 0.349512 0.254571 0.339064 0.252239 0.343195 0.246176 0.357773 0.245399 0.373566 0.245399 0.385229 0.247109 0.377453 0.25084 0.386687 0.25426 0.378426 0.257369 0.380613 0.261255 0.378426 0.26623 0.365063 0.266696 0.353156 0.266696
0 0.879992 0.414827 0.875019 0.412737 0.876262 0.408919 0.868056 0.407964 0.867807 0.403191 0.876014 0.39985 0.879495 0.394758 0.886209 0.39619 0.891929 0.3981 0.889193 0.401759 0.891431 0.4051 0.887701 0.409237
0 0.334823 0.736556 0.328704 0.729439 0.326164 0.724416 0.323855 0.719688 0.328473 0.715404 0.332861 0.706687 0.339557 0.70122 0.347639 0.703436 0.349025 0.707721 0.347639 0.712892 0.35295 0.710824 0.358492 0.706096 0.365419 0.708755 0.36565 0.71171 0.375348 0.712892 0.381583 0.715847 0.390358 0.715699 0.396592 0.718506 0.39336 0.723825 0.381814 0.72353 0.38089 0.728257 0.376041 0.731064 0.368883 0.730769 0.369344 0.727814 0.359185 0.728405 0.353873 0.73003 0.344868 0.729735 0.344406 0.734315 0.341404 0.738008
0 0.602664 0.804041 0.601058 0.79975 0.597676 0.797478 0.591926 0.796288 0.588881 0.793583 0.591756 0.791527 0.600381 0.79315 0.60258 0.789471 0.608329 0.788498 0.611035 0.79196 0.613064 0.796504 0.618138 0.792284 0.622872 0.791527 0.628453 0.793042 0.634034 0.790229 0.640798 0.792609 0.641644 0.788822 0.648747 0.789471 0.649254 0.793799 0.655511 0.790986 0.661261 0.793366 0.667348 0.791635 0.678848 0.791419 0.693222 0.791311 0.707935 0.792068 0.711824 0.789255 0.715544 0.787632 0.724508 0.78958 0.731779 0.789363 0.737529 0.790229 0.736007 0.793258 0.740066 0.800616 0.740235 0.803754 0.735162 0.803754 0.731441 0.801157 0.728059 0.79856 0.724508 0.800508 0.717912 0.803321 0.706074 0.805485 0.723155 0.805593 0.721633 0.807432 0.715206 0.809055 0.706413 0.809596 0.696605 0.809921 0.686119 0.809596 0.683583 0.805485 0.683076 0.802239 0.676142 0.80159 0.671745 0.801914 0.666503 0.804727 0.655004 0.804078 0.643166 0.804619 0.636571 0.802455 0.629637 0.804295 0.625409 0.800724 0.619321 0.803105 0.61391 0.800616 0.615093 0.805377
0 0.793496 0.940859 0.779015 0.940377 0.787926 0.935126 0.782533 0.932275 0.774325 0.930625 0.776904 0.925973 0.781829 0.925823 0.782298 0.920422 0.787926 0.917871 0.793554 0.915621 0.801058 0.916071 0.803872 0.919372 0.808797 0.916521 0.81419 0.916521 0.816301 0.919372 0.817473 0.924923 0.817005 0.929274 0.812783 0.933626 0.814424 0.937377 0.810673 0.940828
0 0.233445 0.620625 0.23169 0.616655 0.230201 0.609442 0.231052 0.605768 0.238284 0.607129 0.241475 0.609442 0.247856 0.612028 0.256576 0.610259 0.262533 0.61162 0.26785 0.612436 0.269552 0.608217 0.277209 0.609306 0.279974 0.610939 0.288483 0.610939 0.301457 0.611756 0.30869 0.61543 0.313369 0.612028 0.321452 0.6123 0.329322 0.614477 0.329322 0.61856 0.326769 0.620874 0.337193 0.624684 0.332938 0.628495 0.322303 0.632034 0.315921 0.630401 0.308902 0.626862 0.301883 0.62346 0.290185 0.624004 0.275082 0.62346 0.25998 0.623596 0.252536 0.623596 0.238709 0.623596
