0 0.292406 0.12997 0.281805 0.136079 0.290891 0.142624 0.31285 0.142188 0.315122 0.13477
0 0.343896 0.131716 0.330266 0.143061 0.346925 0.146988 0.382513 0.146551 0.41583 0.146551 0.446118 0.145242 0.447633 0.133024 0.441575 0.125607 0.409015 0.127788 0.358283 0.129097
0 0.552885 0.128661 0.542284 0.132588 0.552885 0.138261 0.567271 0.136515 0.5703 0.133897
0 0.557505 0.18379 0.543811 0.191681 0.566919 0.198586 0.580613 0.196613 0.577189 0.189708
0 0.272599 0.204865 0.242287 0.201782 0.228915 0.200755 0.221783 0.214112 0.220892 0.227983 0.250312 0.224901 0.272599 0.221305 0.306476 0.221305 0.315392 0.210516 0.299344 0.204351
0 0.185231 0.285522 0.17275 0.282439 0.160268 0.278843 0.150461 0.286036 0.138872 0.297338 0.138872 0.305558 0.146004 0.306071 0.156702 0.302989 0.173641 0.299393 0.195038 0.30042 0.204844 0.293742
0 0.617991 0.287831 0.59711 0.292201 0.596219 0.299393 0.613158 0.302989 0.63188 0.302989 0.654168 0.302989 0.68537 0.301448 0.680913 0.29631 0.658625 0.293228
0 0.288317 0.405116 0.214757 0.408019 0.178482 0.405116 0.152282 0.412084 0.147245 0.430084 0.150268 0.441117 0.189566 0.43473 0.21778 0.445182 0.259095 0.472473 0.277233 0.481183 0.297386 0.488152 0.335678 0.483506 0.382029 0.485829 0.435436 0.485829 0.494888 0.488152 0.540233 0.488152 0.656114 0.488152 0.700451 0.484667 0.700451 0.46957 0.731688 0.452731 0.794164 0.48641 0.815324 0.480022 0.780057 0.464925 0.749827 0.44344 0.815324 0.440537 0.873769 0.468409 0.885861 0.455053 0.821371 0.413245 0.72665 0.4086 0.482796 0.405697
0 0.662436 0.521371 0.656504 0.526841 0.673113 0.537096 0.692095 0.537096 0.711078 0.528892 0.692095 0.522739
0 0.346853 0.543249 0.28872 0.540514 0.268551 0.553504 0.317193 0.559657 0.371768 0.557606 0.388377 0.549402
0 0.369395 0.565126 0.323126 0.564442 0.311262 0.569912 0.320753 0.578116 0.376514 0.575381 0.415664 0.578799 0.473798 0.578799 0.493967 0.57333 0.484476 0.565126 0.45007 0.564442 0.401428 0.565126
0 0.669274 0.59579 0.65574 0.599407 0.652345 0.608537 0.651779 0.613754 0.666491 0.617014 0.687992 0.611797 0.690256 0.604298 0.680636 0.595494
0 0.472036 0.680056 0.462321 0.682478 0.469689 0.690615 0.480741 0.688138 0.481969 0.682124
0 0.553101 0.655235 0.543979 0.659835 0.55196 0.664788 0.564239 0.660542 0.567923 0.655589
0 0.277817 0.67665 0.252961 0.676109 0.240068 0.676109 0.225333 0.692384 0.232701 0.700167 0.247436 0.697691 0.270152 0.696629 0.287343 0.690969 0.294711 0.685662
0 0.346651 0.71884 0.323603 0.727905 0.324883 0.730432 0.332925 0.730116 0.320678 0.736857 0.322872 0.739385 0.320678 0.74602 0.326162 0.749496 0.334375 0.740724 0.338035 0.741319 0.336628 0.739102 0.350233 0.734776 0.351641 0.731965 0.348545 0.726558 0.335783 0.726612 0.345166 0.723854
