0 0.846949 0.139614 0.833691 0.146169 0.84305 0.155244 0.871905 0.157765 0.880484 0.168353 0.879704 0.195076 0.883603 0.21726 0.915578 0.220285 0.935855 0.212218 0.926496 0.193563 0.928057 0.172891 0.930396 0.156757 0.929616 0.140119 0.892182 0.141127
0 0.485558 0.590843 0.472346 0.598608 0.475548 0.603008 0.493966 0.602232 0.500772 0.601196 0.506377 0.59809 0.506377 0.592396 0.49877 0.590066
0 0.107584 0.510246 0.099644 0.510246 0.091703 0.509418 0.079408 0.511074 0.074798 0.516704 0.07864 0.519023 0.091447 0.520016 0.099131 0.51836 0.107584 0.518029 0.119623 0.516042 0.122185 0.51124 0.120135 0.507431
0 0.113869 0.533871 0.099421 0.537763 0.09621 0.545287 0.11106 0.546844 0.122699 0.544768 0.12631 0.538022
0 0.453293 0.585373 0.443034 0.59213 0.443034 0.599057 0.453748 0.599889 0.461463 0.596841 0.467892 0.592684
0 0.188042 0.755026 0.184066 0.766242 0.187318 0.768579 0.199245 0.763906 0.200691 0.758298
0 0.710898 0.770121 0.696321 0.773262 0.694825 0.779545 0.709403 0.783653 0.723606 0.781237 0.731456 0.776404
0 0.389334 0.873986 0.38363 0.879198 0.375547 0.885643 0.370697 0.893307 0.379588 0.899752 0.391443 0.895398 0.397639 0.888778 0.399256 0.880592
0 0.482353 0.871539 0.471079 0.875192 0.466768 0.881289 0.463805 0.889127 0.464613 0.896094 0.470001 0.898184 0.476467 0.895398 0.484281 0.894178 0.49398 0.892785 0.500715 0.891566 0.51715 0.890346 0.534933 0.887734 0.543554 0.885992 0.571574 0.886514 0.577771 0.888604 0.591242 0.894352 0.60175 0.895049 0.607138 0.892436 0.609024 0.883727 0.602289 0.881985 0.594475 0.876411 0.572383 0.873276 0.554061 0.872231 0.541668 0.872754 0.522809 0.873624 0.497482 0.872405
0 0.645143 0.873793 0.633323 0.876249 0.630367 0.883891 0.627413 0.894261 0.636699 0.898628 0.645987 0.895353 0.656118 0.892624 0.669626 0.89044 0.687356 0.888257 0.698331 0.883345 0.701708 0.875976 0.69411 0.871064 0.678913 0.86888 0.673003 0.869426
0 0.688576 0.940854 0.685651 0.948207 0.679477 0.955349 0.674928 0.960181 0.673304 0.968793 0.680777 0.975515 0.697673 0.977406 0.71002 0.969423 0.71262 0.95871 0.707421 0.953248 0.707746 0.948417 0.707421 0.944846
