0 0.382481 0.190395 0.373728 0.193684 0.374475 0.202272 0.384193 0.20529 0.396154 0.20529 0.412601 0.203433 0.42344 0.203665 0.424561 0.208307 0.429794 0.208771 0.434279 0.202737 0.455211 0.201112 0.458201 0.196702 0.453342 0.192756 0.443997 0.192756 0.435027 0.191363 0.426804 0.191363 0.414469 0.19322 0.401387 0.191363
0 0.13264 0.213182 0.12068 0.217128 0.110962 0.217824 0.101244 0.214342 0.097132 0.224555 0.102738 0.228269 0.116568 0.228733 0.131893 0.228966 0.161048 0.22943 0.189455 0.228733 0.215619 0.228966 0.223469 0.228966 0.230196 0.224323 0.235429 0.221074 0.235429 0.21411 0.222348 0.210396 0.205901 0.210629 0.190576 0.212021 0.178241 0.211557 0.154319 0.215039
0 0.198997 0.380592 0.171176 0.380592 0.16315 0.376937 0.147099 0.376272 0.127838 0.388566 0.134259 0.393549 0.16636 0.392885 0.195788 0.392552 0.205953 0.392552 0.212374 0.402188 0.223074 0.400527 0.229494 0.395211 0.23859 0.394214 0.259991 0.394546 0.277113 0.39222 0.300654 0.392885 0.327941 0.392885 0.345598 0.392885 0.365394 0.392885 0.402846 0.393882 0.426923 0.393549 0.450464 0.39222 0.4617 0.388566 0.465981 0.381588 0.45421 0.379262 0.442439 0.373946 0.433343 0.371953 0.431738 0.377934 0.426388 0.379262 0.417827 0.37893 0.409802 0.37295 0.398566 0.374611 0.38091 0.377601 0.350413 0.377934 0.341852 0.374611 0.336502 0.371953 0.326336 0.377601 0.307075 0.378266 0.304399 0.372617 0.292094 0.376604 0.280323 0.376604 0.267482 0.373282 0.259456 0.374943 0.243405 0.378598 0.239661 0.384246 0.227355 0.384579 0.227889 0.376937 0.217189 0.376272
0 0.190529 0.509876 0.190529 0.515284 0.191584 0.533147 0.197918 0.532655 0.198183 0.525444 0.208475 0.522331 0.218238 0.521839 0.243309 0.522003 0.263894 0.522659 0.269172 0.523314 0.274185 0.537899 0.281047 0.536425 0.279991 0.530525 0.27656 0.522495 0.291867 0.520856 0.296089 0.52905 0.305062 0.529542 0.303478 0.525772 0.300839 0.523642 0.298992 0.521675 0.348869 0.522495 0.362065 0.522495 0.365759 0.521839 0.36787 0.526756 0.377899 0.526428 0.380801 0.52315 0.37394 0.52315 0.374467 0.520856 0.405872 0.520856 0.405872 0.518561 0.384232 0.516759 0.382385 0.514301 0.374467 0.513809 0.374995 0.510204 0.38001 0.506434 0.374731 0.505451 0.368134 0.506762 0.36787 0.511843 0.363647 0.513153 0.361009 0.513153 0.354148 0.506762 0.347813 0.507745 0.343328 0.513317 0.328549 0.513317 0.320104 0.506598 0.311923 0.505943 0.303478 0.506434 0.296881 0.511187 0.291339 0.51217 0.282894 0.512662 0.280783 0.507254 0.276824 0.508565 0.269699 0.510695 0.263101 0.511679 0.260462 0.508729 0.255713 0.509548 0.256504 0.512006 0.241726 0.512662 0.235392 0.51004 0.235392 0.51299 0.21428 0.513481 0.202669 0.514301 0.196599 0.512498
0 0.381418 0.696506 0.375085 0.698134 0.376395 0.702202 0.381636 0.706677 0.386877 0.706677 0.391026 0.702337 0.390371 0.698676 0.385348 0.696642
0 0.553084 0.747014 0.543249 0.750845 0.542941 0.756 0.550013 0.759436 0.562617 0.760582 0.572148 0.760582 0.573993 0.750463 0.569074 0.744736
0 0.961886 0.703488 0.959202 0.70604 0.957774 0.710095 0.956549 0.712503 0.954508 0.717952 0.950223 0.722515 0.959202 0.724543 0.973896 0.721121 0.97716 0.717192 0.972671 0.713264 0.974712 0.708828 0.972059 0.706293
0 0.336603 0.797735 0.320175 0.802199 0.312645 0.800924 0.30443 0.791784 0.295532 0.793484 0.292794 0.801986 0.292452 0.810063 0.295532 0.816864 0.300324 0.822815 0.306142 0.827704 0.311276 0.824303 0.307511 0.815164 0.318121 0.814101 0.324282 0.814101 0.329416 0.817077 0.34071 0.817502 0.344133 0.814314 0.359877 0.814314 0.359534 0.821965 0.368433 0.826216 0.373909 0.816652 0.378358 0.814101 0.412242 0.813251 0.460159 0.813463 0.504652 0.814526 0.493015 0.820265 0.49986 0.822602 0.513208 0.820052 0.518 0.811763 0.518 0.805174 0.520053 0.800498 0.509443 0.796035 0.500545 0.79646 0.465977 0.802836 0.455709 0.800286 0.44373 0.798161 0.405397 0.803261 0.391707 0.802624 0.386573 0.798161 0.378701 0.799861 0.373224 0.798373 0.338999 0.809425 0.344133 0.802836 0.345159 0.796885
0 0.337033 0.819876 0.333527 0.825275 0.331982 0.832628 0.327864 0.839021 0.339704 0.839341 0.356693 0.835825 0.360811 0.831349 0.351545 0.831029 0.344853 0.826553
0 0.7179 0.823511 0.712826 0.826336 0.713452 0.832173 0.711781 0.841771 0.710946 0.84657 0.714705 0.8467 0.720971 0.844106 0.727446 0.843457 0.732668 0.841512 0.734966 0.834508 0.732042 0.829838 0.728908 0.823353 0.724731 0.821926
0 0.514381 0.872653 0.501703 0.875277 0.498685 0.879963 0.492949 0.880525 0.492043 0.876402 0.488421 0.873965 0.477253 0.874527 0.472122 0.878276 0.471216 0.882775 0.473329 0.885211 0.469405 0.890648 0.473631 0.892522 0.482988 0.89196 0.490534 0.890273 0.495062 0.890648 0.500495 0.893459 0.510456 0.893647 0.51589 0.895896 0.521021 0.900207 0.524945 0.898708 0.530077 0.892334 0.540641 0.894959 0.549998 0.893647 0.55513 0.89046 0.605236 0.889898 0.611273 0.895146 0.621234 0.897396 0.630591 0.895708 0.632402 0.894209 0.643269 0.895708 0.658059 0.893834 0.665605 0.902269 0.675265 0.900582 0.681905 0.898145 0.712693 0.893647 0.724164 0.896271 0.734124 0.893084 0.739558 0.895896 0.740463 0.898708 0.750122 0.895146 0.760527 0.89121 0.792221 0.89121 0.795542 0.89702 0.81003 0.895521 0.81818 0.90002 0.825424 0.894396 0.83629 0.892334 0.856212 0.893272 0.86889 0.896458 0.891308 0.894021 0.905193 0.894209 0.905193 0.889898 0.894025 0.888961 0.894025 0.880525 0.881951 0.878651 0.880442 0.870778 0.864444 0.871716 0.862331 0.87434 0.857803 0.876214 0.856596 0.8809 0.847842 0.882025 0.841504 0.877339 0.828222 0.872278 0.823393 0.874715 0.815847 0.8809 0.807093 0.880151 0.806489 0.876402 0.810414 0.870778 0.805282 0.869279 0.796528 0.874152 0.794717 0.88165 0.788378 0.87209 0.779927 0.875277 0.772985 0.881088 0.758496 0.880525 0.746724 0.876589 0.73465 0.875277 0.728613 0.872653 0.710804 0.87284 0.699937 0.874152 0.684845 0.874527 0.67247 0.874715 0.672168 0.870966 0.660999 0.873402 0.649529 0.871903 0.637154 0.873965 0.62176 0.872653 0.611496 0.880338 0.554145 0.8824 0.55324 0.874527
0 0.372639 0.854616 0.380603 0.8542 0.38186 0.852951 0.382615 0.847799 0.386638 0.847695 0.385717 0.852535 0.396112 0.848476 0.401477 0.847695 0.402483 0.848112 0.39301 0.8542 0.392423 0.853316 0.397201 0.850245 0.386303 0.85394 0.392507 0.854981 0.392172 0.855865 0.385381 0.856021 0.385968 0.860965 0.389908 0.86008 0.396363 0.859404 0.39913 0.859456 0.390495 0.861538 0.393932 0.862006 0.392759 0.863151 0.381105 0.862943 0.382782 0.861746 0.381441 0.858519 0.381609 0.856074 0.375824 0.858363 0.374063 0.857843
