0 0.089772 0.104555 0.044596 0.105087 0.030422 0.129525 0.080028 0.133245 0.100403 0.13537 0.183669 0.258627 0.101288 0.260221 0.087115 0.296348 0.156209 0.292629 0.212016 0.289442 0.234161 0.311755 0.103945 0.316005 0.087115 0.3346 0.112804 0.344695 0.219103 0.34257 0.290854 0.34682 0.313 0.326631 0.265165 0.295817 0.628353 0.295286 0.677959 0.300598 0.703648 0.28466 0.70099 0.250127 0.601778 0.25172 0.227075 0.255971 0.308571 0.240032 0.542428 0.240032 0.551287 0.217718 0.632782 0.215593 0.633668 0.182654 0.531798 0.177243 0.520282 0.153867 0.453846 0.149616 0.213787 0.150679 0.240363 0.13846 0.354634 0.133678 0.370579 0.094363 0.349318 0.085863
0 0.124525 0.482637 0.103374 0.486865 0.094561 0.499198 0.106311 0.502722 0.150375 0.500608 0.159188 0.491798 0.159775 0.48158
0 0.189389 0.478313 0.179358 0.488146 0.175686 0.503562 0.185478 0.509068 0.200166 0.501727 0.196494 0.492918 0.205062 0.483742
0 0.227094 0.482641 0.21363 0.493652 0.209958 0.502828 0.21363 0.506866 0.233214 0.50136 0.313385 0.499158 0.318893 0.481906
0 0.129517 0.530053 0.11074 0.535005 0.099712 0.545182 0.109892 0.553323 0.138737 0.552814 0.154856 0.546199 0.159946 0.533988
0 0.444994 0.510073 0.424634 0.528391 0.42633 0.540094 0.449236 0.53297 0.460265 0.516688
0 0.397885 0.506955 0.377974 0.526356 0.382216 0.534497 0.398334 0.526356 0.41106 0.511091
0 0.930436 0.546838 0.918069 0.558442 0.911096 0.575173 0.895404 0.586675 0.904993 0.593473 0.922428 0.593473 0.939864 0.575696 0.948581 0.560533
0 0.422096 0.598104 0.393202 0.626358 0.400387 0.645442 0.422968 0.63867 0.430152 0.629436 0.435284 0.610968
0 0.315931 0.86746 0.30636 0.883211 0.312161 0.891561 0.328402 0.890865 0.330723 0.877645
