0 0.153488 0.0974 0.152259 0.091178 0.157994 0.085702 0.169052 0.086448 0.182978 0.085702 0.199361 0.085702 0.208371 0.089435 0.215334 0.086697 0.22885 0.088191 0.235813 0.084457 0.255882 0.086199 0.253835 0.091426 0.259159 0.097898 0.24769 0.09989 0.225164 0.098147 0.204685 0.097151 0.191579 0.098894 0.167005 0.099392
0 0.271856 0.09592 0.264074 0.095658 0.263664 0.090182 0.271856 0.088688 0.282914 0.087693 0.294382 0.087693 0.30667 0.089933 0.304212 0.095409 0.296021 0.098396 0.286601 0.100138
0 0.941922 0.295454 0.933349 0.293033 0.930011 0.286947 0.938205 0.285287 0.944881 0.28252 0.954896 0.280491 0.968249 0.28252 0.968249 0.290451 0.967339 0.298197 0.957931 0.299119 0.946399 0.299119 0.941543 0.294324
0 0.914989 0.349666 0.904064 0.348559 0.900725 0.343026 0.908008 0.341551 0.91074 0.336756 0.913471 0.333436 0.918934 0.331776 0.925003 0.334358 0.923183 0.33694 0.935625 0.338047 0.943515 0.338416 0.940177 0.334358 0.949889 0.332882 0.9596 0.332145 0.955048 0.338047 0.969615 0.339706 0.962028 0.348375 0.947461 0.34653 0.937446 0.347453 0.920451 0.347268
0 0.89678 0.349877 0.894049 0.346715 0.894352 0.342842 0.891925 0.339153 0.890711 0.336018 0.892228 0.3303 0.883427 0.3303 0.875233 0.329009 0.872805 0.334174 0.875537 0.338416 0.879482 0.342288 0.879482 0.346346 0.873715 0.349297 0.880088 0.352248 0.887676 0.352617
0 0.423726 0.381147 0.41345 0.379649 0.415298 0.376422 0.419454 0.373334 0.422456 0.369685 0.429384 0.366879 0.433771 0.370247 0.440467 0.372352 0.444854 0.375018 0.443238 0.379368 0.438158 0.382035 0.433078 0.383438
0 0.452705 0.380351 0.445317 0.377404 0.448087 0.372352 0.455707 0.371229 0.463328 0.365896 0.469562 0.3673 0.467946 0.372071 0.479723 0.37165 0.490807 0.372212 0.507201 0.372773 0.517823 0.372773 0.52198 0.367581 0.529831 0.366598 0.535604 0.369966 0.535142 0.373334 0.542762 0.368984 0.547842 0.368282 0.546918 0.371791 0.558233 0.370387 0.560773 0.372773 0.574859 0.370808 0.581324 0.367861 0.587097 0.364774 0.59033 0.368843 0.597027 0.368984 0.604878 0.368703 0.613422 0.368422 0.612729 0.373755 0.60534 0.374036 0.602337 0.377825 0.596795 0.380491 0.58779 0.380491 0.57763 0.38021 0.573473 0.377965 0.566084 0.377123 0.556847 0.376562 0.546457 0.37586 0.542531 0.378667 0.540684 0.383578 0.538605 0.38835 0.5296 0.38835 0.535142 0.377684 0.521749 0.377965 0.502352 0.378667 0.486188 0.378246 0.481339 0.379789 0.474181 0.382035 0.465868 0.381333 0.46656 0.385543 0.465406 0.391016 0.461481 0.3927 0.452937 0.393682 0.450858 0.38849 0.452475 0.38414
0 0.548016 0.405941 0.537795 0.407192 0.535375 0.405067 0.535375 0.401471 0.537795 0.397221 0.543444 0.39624 0.54425 0.40049 0.551244 0.393134 0.559044 0.393461 0.560389 0.397057 0.575989 0.39673 0.591857 0.39575 0.600465 0.394278 0.613375 0.394278 0.613375 0.399182 0.610954 0.404577 0.593202 0.406702 0.574643 0.405394 0.563078 0.405884
0 0.660981 0.405941 0.657216 0.401961 0.656947 0.393298 0.661789 0.38676 0.670933 0.385125 0.675774 0.387086 0.690568 0.387086 0.700789 0.390519 0.708588 0.390519 0.719347 0.390519 0.720154 0.386269 0.732257 0.384308 0.736291 0.391663 0.734678 0.400817 0.728491 0.403269 0.712622 0.402451 0.695678 0.403596 0.684112 0.403105 0.680347 0.408336 0.672278 0.413403 0.662327 0.411115
0 0.388938 0.506688 0.3783 0.501755 0.375641 0.492597 0.393371 0.488287 0.406668 0.489364 0.407554 0.4996 0.411986 0.508759
0 0.26974 0.839136 0.26423 0.835886 0.261935 0.829469 0.268821 0.827236 0.278923 0.826399 0.294992 0.826399 0.311062 0.826399 0.32805 0.827236 0.344119 0.825004 0.354679 0.825004 0.36983 0.827795 0.381768 0.825562 0.399215 0.82612 0.409775 0.823888 0.424467 0.824725 0.441455 0.822214 0.45477 0.827516 0.464411 0.825562 0.480482 0.823051 0.501142 0.821935 0.515375 0.826957 0.531445 0.825283 0.533282 0.833375 0.521344 0.836723 0.516293 0.839514 0.493796 0.839235 0.467625 0.839235 0.444669 0.835886 0.432273 0.836165 0.408397 0.836165 0.387277 0.837002 0.362943 0.837281 0.342742 0.83784 0.323918 0.83784 0.316112 0.836444 0.300502 0.837281 0.284891 0.838398
0 0.634037 0.891067 0.620619 0.891185 0.61826 0.885091 0.623568 0.882224 0.627107 0.872905 0.637723 0.869678 0.64598 0.872546 0.652468 0.881507 0.660725 0.877206 0.670162 0.872905 0.67783 0.879357 0.698473 0.880432 0.725604 0.879357 0.751555 0.88079 0.762172 0.886167 0.755094 0.891902 0.743298 0.895128 0.720885 0.894411 0.693755 0.893336 0.664854 0.890468 0.651289 0.892977
0 0.30194 0.729338 0.302973 0.724146 0.309683 0.72195 0.317682 0.723989 0.322844 0.729008 0.318457 0.732144 0.314327 0.734654 0.304005 0.732301
