0 0.807813 0.408833 0.794025 0.420987 0.803758 0.433608 0.845934 0.434075 0.854855 0.426596 0.849178 0.414443
0 0.670284 0.419825 0.672364 0.433141 0.685342 0.43501 0.68453 0.429401
0 0.545837 0.415377 0.537726 0.423324 0.544215 0.433608 0.554759 0.437347 0.553948 0.427531
0 0.603129 0.411798 0.605857 0.423792 0.620456 0.434075 0.627756 0.428466 0.625322 0.418182
0 0.582796 0.524675 0.569032 0.524675 0.565591 0.532939 0.565591 0.54021 0.581076 0.54021 0.598281 0.536244 0.600001 0.52765
0 0.625809 0.525337 0.616633 0.528642 0.621795 0.54021 0.639574 0.54021 0.663087 0.537566 0.672837 0.531616 0.670543 0.524345 0.656205 0.522031
0 0.438781 0.578903 0.436069 0.579752 0.434949 0.580636 0.43713 0.586243 0.439371 0.588384 0.441258 0.590016 0.444501 0.590219 0.447744 0.58954 0.449572 0.58954 0.451754 0.588622 0.455233 0.588554 0.459479 0.58835 0.462368 0.5892 0.465552 0.589098 0.466318 0.588112 0.471685 0.587671 0.485896 0.586855 0.490259 0.588724 0.496687 0.588962 0.49875 0.587365 0.500107 0.585496 0.499812 0.583354 0.496922 0.581214 0.492618 0.579752 0.487959 0.579582 0.485247 0.579752 0.485188 0.580738 0.448923 0.580874 0.443912 0.578427
0 0.522968 0.493934 0.510719 0.498748 0.510163 0.507091 0.515173 0.512867 0.531321 0.511904 0.539115 0.504845 0.534104 0.49971 0.54524 0.498748 0.539672 0.493293
0 0.245967 0.655617 0.217868 0.659666 0.218649 0.672261 0.239723 0.673611 0.252211 0.673611 0.29514 0.674961 0.312312 0.671812 0.337288 0.669562 0.338849 0.661465 0.304506 0.655168
0 0.429871 0.654781 0.407815 0.654781 0.392193 0.662196 0.401382 0.67067 0.430789 0.6712 0.462954 0.6712 0.497874 0.668022 0.538309 0.666963 0.554851 0.67173 0.578744 0.666433 0.606313 0.673318 0.702806 0.67173 0.694534 0.653193 0.68075 0.645778 0.616422 0.646837 0.536471 0.651074 0.469387 0.654781
0 0.313382 0.708325 0.271341 0.71032 0.250569 0.710035 0.236226 0.720297 0.246612 0.727138 0.26689 0.726568 0.300522 0.726568 0.330692 0.725143 0.38213 0.724572 0.398451 0.725998 0.410321 0.734549 0.422686 0.727138 0.451372 0.724572 0.585406 0.724572 0.601233 0.73911 0.615082 0.729133 0.691743 0.725143 0.755545 0.722007 0.776813 0.727138 0.789177 0.733409 0.800553 0.725428 0.84111 0.720867 0.839131 0.704904 0.812918 0.705474 0.784726 0.702054 0.76791 0.709465 0.738235 0.711745 0.723891 0.699773 0.68927 0.700344 0.657616 0.700914 0.642779 0.70918 0.594309 0.704619 0.563644 0.70747 0.545345 0.697778 0.484015 0.703194 0.471651 0.709465 0.457307 0.706044 0.41131 0.703764 0.394495 0.711745 0.351465 0.709465 0.334649 0.710035
0 0.741283 0.777539 0.736023 0.785188 0.734324 0.790409 0.734891 0.80281 0.750745 0.805094 0.750745 0.797589 0.745083 0.789757 0.749047 0.782577
0 0.79208 0.777356 0.793779 0.784862 0.80114 0.794978 0.808501 0.795631 0.806802 0.784862
0 0.301023 0.161377 0.263833 0.157469 0.253304 0.161717 0.258568 0.17446 0.289104 0.176281 0.332274 0.177495 0.361757 0.170819 0.337539 0.164144
0 0.196901 0.279347 0.194749 0.275897 0.19651 0.27263 0.199836 0.272067 0.203946 0.268236 0.208055 0.269813 0.212751 0.272742 0.212946 0.277361 0.212946 0.280853 0.20825 0.283219 0.200619 0.284008
0 0.554284 0.587198 0.548227 0.588288 0.543116 0.586871 0.541791 0.583166 0.542359 0.58066 0.550687 0.580878 0.553149 0.577935 0.559774 0.57739 0.56867 0.578044 0.57662 0.578262 0.585328 0.580115 0.588735 0.584256 0.588167 0.587852 0.577945 0.588833 0.574159 0.587525 0.570184 0.587198 0.565641 0.588397 0.560152 0.589705 0.555987 0.589705
